4
3
0 2 1
0 1 2
1 0 1
1 3 0
2
0 1
0 -1
1 0
4
0 1 2 3
0 -1 -1 1
-1 0 -1 1
1 -1 0 1
1 1 1 0
15
0 1 2 3 4 5 6 7 8 2 0 4
0 12 12 4 12 -1 12 12 12 0 -1 -1 0 0 -2
12 0 12 12 4 12 -1 12 12 12 0 -1 -1 0 0
3 12 0 12 12 4 12 -1 12 12 12 0 -1 -1 0
9 3 12 0 12 12 4 12 -1 12 12 12 0 -1 -1
2 9 3 12 0 12 12 4 12 -1 12 12 12 0 -1
-1 2 9 3 12 0 12 12 4 12 -1 12 12 12 0
1 -1 2 9 3 12 0 12 12 4 12 -1 12 12 12
9 1 -1 2 9 3 12 0 12 12 4 12 -1 12 12
-1 9 1 -1 2 9 3 12 0 12 12 4 12 -1 12
-1 -1 9 1 -1 2 9 3 12 0 12 12 4 12 -1
-1 -1 -1 9 1 -1 2 9 3 12 0 12 12 4 12
3 -1 -1 -1 9 1 -1 2 9 3 12 0 12 12 49
2 3 -1 -1 -1 9 1 -1 2 9 3 12 0 12 12 49
7 2 3 -1 -1 -1 9 1 -1 2 9 3 12 0 12 12
2 7 2 3 -1 -1 -1 9 1 -1 2 9 3 12 0 12
1 2 7 2 3 -1 -1 -1 9 1 -1 2 9 3 12 0
