0.9688
2.4536
1.6228
1.3513
0.5825
0.5824
0.3459
2.0056
1.3558
1.5692
0.2040
2.6471
1.8902
0.6909
0.6335
0.6366
0.8518
1.2198
1.0635
0.8297
1.3758
0.5482
0.8313
0.9553
1.1036
1.7538
0.6674
1.2017
1.3398
0.3084
1.3677
0.6115
0.3668
2.4387
2.5964
1.8179
0.8524
0.4534
1.5184
1.0771
0.5102
1.1692
0.2646
2.1911
0.7739
1.4739
0.8643
1.2117
1.2580
0.6394
2.6430
1.7276
2.3686
2.1223
1.3499
2.2581
0.4305
0.6605
0.3042
0.8872
0.9921
0.7957
1.8786
0.9394
0.8122
1.2509
0.5512
1.8003
0.3936
2.9442
172.02
0.6656
0.1052
1.8384
1.5666
1.6160
1.7177
0.3922
0.9422
0.4963
1.9943
1.3974
0.8965
0.3624
0.8631
0.8869
1.6173
1.4247
2.0891
1.1305
0.5047
1.5806
1.6914
1.2837
1.7169
1.1669
1.2163
1.0562
0.2269
0.4778
